Sphere wcirc  1-body large complex polygon (non-rectangular)
-35.0  -60.0   0.5   0.5   0.0   121   201
2 16 16 0
0.1  1.50  -2.0  2.0  0.080
2 1 0.25  30.0  210.0
0 1 1 0.0 0.0
25  0.5  8.0
 -13.562  -26.042
 -11.562  -23.042
  -9.562  -20.042
  -7.562  -17.042
  -6.062  -13.042
  -4.062   -9.542
  -1.562   -6.042
   0.438   -2.042
   1.438    2.958
   0.938    7.958
  -0.562   11.958
  -3.062   14.958
  -5.562   16.958
  -8.562   15.958
 -11.062   13.458
 -13.062    9.958
 -15.062    5.958
 -16.562    1.958
 -17.562   -2.042
 -17.062   -7.042
 -16.062  -12.042
 -15.062  -17.042
 -14.562  -21.042
 -14.062  -24.042
 -13.562  -26.042
