Sphere wcirc  3-body polygon case (Body 1)
-12.0  -12.0   0.4   0.4   0.0   61   61
2 16 16 0
0.1  1.50  -2.0  2.0  0.080
2 1 0.20  90.0   0.0
0 1 1 0.0 0.0
5  1.0  4.0
  -5.000   -7.000
  -5.000   -5.000
  -3.000   -5.000
  -3.000   -7.000
  -5.000   -7.000

Sphere wcirc  3-body polygon case (Body 2)
-12.0  -12.0   0.4   0.4   0.0   61   61
2 16 16 0
0.1  1.50  -2.0  2.0  0.080
1 0 300.0  0.0  0.0
0 1 1 0.0 0.0
5  1.5  6.0
   1.000   -0.500
   1.000    1.500
   3.000    1.500
   3.000   -0.500
   1.000   -0.500

Sphere wcirc  3-body polygon case (Body 3)
-12.0  -12.0   0.4   0.4   0.0   61   61
2 16 16 0
0.1  1.50  -2.0  2.0  0.080
2 1 0.15 -30.0 120.0
0 1 1 0.0 0.0
5  0.5  3.0
  -2.000    6.000
  -2.000    8.000
   0.000    8.000
   0.000    6.000
  -2.000    6.000
