Sphere wcirc  5-body polygon case (Body 1)
-16.0  -16.0   0.5   0.5   0.0   65   65
2 16 16 0
0.1  1.50  -2.0  2.0  0.080
2 1 0.20  90.0   0.0
0 1 1 0.0 0.0
5  1.0  5.0
 -11.000  -11.000
 -11.000   -9.000
  -9.000   -9.000
  -9.000  -11.000
 -11.000  -11.000

Sphere wcirc  5-body polygon case (Body 2)
-16.0  -16.0   0.5   0.5   0.0   65   65
2 16 16 0
0.1  1.50  -2.0  2.0  0.080
2 1 0.18   0.0   0.0
0 1 1 0.0 0.0
5  1.0  4.0
  -9.000   -3.000
  -9.000   -1.000
  -7.000   -1.000
  -7.000   -3.000
  -9.000   -3.000

Sphere wcirc  5-body polygon case (Body 3)
-16.0  -16.0   0.5   0.5   0.0   65   65
2 16 16 0
0.1  1.50  -2.0  2.0  0.080
2 1 0.25   0.0  90.0
0 1 1 0.0 0.0
7  2.0  6.0
  -0.417    5.792
   0.083    6.792
   1.083    7.792
   2.083    7.292
   2.583    6.292
   1.583    5.542
  -0.417    5.792

Sphere wcirc  5-body polygon case (Body 4)
-16.0  -16.0   0.5   0.5   0.0   65   65
2 16 16 0
0.1  1.50  -2.0  2.0  0.080
2 1 0.12  45.0  45.0
0 1 1 0.0 0.0
5  1.0  3.0
   5.000   -8.000
   5.000   -6.000
   7.000   -6.000
   7.000   -8.000
   5.000   -8.000

Sphere wcirc  5-body polygon case (Body 5)
-16.0  -16.0   0.5   0.5   0.0   65   65
2 16 16 0
0.1  1.50  -2.0  2.0  0.080
2 1 0.22 -30.0 135.0
0 1 1 0.0 0.0
6  0.8  4.5
   9.400    2.950
  10.150    4.700
  11.400    5.200
  11.900    3.950
  11.150    2.700
   9.400    2.950
